51.0
60.5
74.0
85.4
98.4
110.6
121.6
134.3
144.1
155.6
166.0
177.3
187.2
195.2
204.3
212.8
217.4
222.8
226.8
233.1
238.3
241.8
246.6
251.5
257.1
261.4
264.2
270.3
268.5
275.9
278.0
282.0
284.6
286.1
286.3
292.6
294.8
299.3
303.4
306.3
310.2
312.9
317.5
319.7
323.0
326.2
329.8
334.7
337.9
338.9
340.2
343.3
345.9
349.2
353.5
356.4
358.6
360.2
364.9
365.1
367.9
365.6
365.7
364.7
363.9
364.5
364.8
364.0
361.8
362.7
362.9
365.9
362.5
363.0
366.8
364.9
367.3
367.6
368.6
366.9
365.4
366.9
366.3
366.6
366.9
366.6
363.4
367.4
367.5
368.6
365.9
367.3
367.3
366.3
367.4
366.8
369.0
367.8
369.1
367.3
368.5
369.4
367.4
366.6
369.0
367.7
368.6
368.9
367.7
369.9
371.3
368.9
370.8
370.1
368.2
369.3
362.9
363.5
363.9
362.9
362.2
364.1
363.3
361.0
360.8
355.1
358.0
365.9
365.5
367.0
363.9
362.8
365.8
367.0
366.1
367.2
365.6
366.1
362.1
364.7
365.9
365.0
366.9
366.1
367.0
366.5
366.7
366.1
368.0
369.4
368.2
369.7
370.2
368.6
370.6
368.6
370.6
370.7
369.2
368.6
369.9
368.8
367.1
364.2
368.2
368.3
367.0
365.5
367.1
367.0
365.5
367.1
369.2
367.4
366.8
365.3
