39
39
264
264
264
264
300
300
300
300
299
299
299
299
300
300
300
336
336
336
336
583
583
583
583
599
599
599
599
598
598
598
598
598
598
598
599
599
599
599
598
598
598
598
599
599
599
599
598
598
598
829
829
829
829
898
898
898
898
889
889
889
889
822
822
822
781
781
781
781
757
757
757
757
763
763
763
763
763
763
763
763
766
766
766
810
810
810
810
881
881
881
881
889
889
889
889
891
891
891
891
891
891
891
897
897
897
897
898
898
898
898
881
881
881
881
823
823
823
772
772
772
772
757
757
757
757
758
758
758
758
764
764
764
774
774
774
774
850
850
850
850
892
892
892
892
902
902
902
902
898
898
898
896
896
896
896
886
886
886
886
889
889
889
889
891
891
