347
936
5473
5473
5872
7299
12945
14738
14789
18891
22030
23039
24775
28368
30801
31669
33366
37635
38259
38976
41163
44701
44703
44711
46506
50296
50873
49654
50144
52392
54157
55095
57935
58291
58359
58468
61844
62741
63651
65202
66708
66989
67258
68768
72899
73573
74236
75278
76556
77080
78289
80936
81578
81577
82610
87296
87298
87530
87665
90941
92722
92720
94690
93559
93184
93073
91887
93127
93494
94415
94482
94415
94341
94545
95258
95280
95346
95424
95444
95418
95397
95241
95295
95412
95676
94714
94912
94420
94097
94849
94646
94849
94766
94640
94673
94675
94721
94785
94775
94790
94798
94807
94846
94718
94941
94977
95010
94961
95007
95003
95001
94724
94281
93967
93855
94529
93712
93314
93204
92892
92854
93569
94102
93977
94025
94098
94402
94844
94875
94901
95205
95439
95421
95424
94741
94670
94960
95303
95228
94830
94880
94424
94457
94456
94610
94879
95109
95141
95144
95053
95003
94974
94953
94909
94835
94778
94762
94456
94454
94436
94314
94433
94428
94430
94448
94497
94533
