50.1
59.3
74.9
93.7
109.9
126.9
144.0
160.5
174.7
189.8
204.6
217.6
230.0
244.9
254.0
261.6
279.5
285.0
290.0
298.3
306.4
310.0
317.4
324.2
331.9
337.5
342.5
347.1
347.8
354.1
358.9
361.2
366.7
369.2
371.9
376.3
380.3
385.7
390.7
393.7
396.8
402.4
405.9
410.1
415.5
418.6
423.6
425.2
427.3
430.7
433.2
436.1
439.6
442.9
446.9
450.0
453.8
456.1
461.7
463.6
469.3
468.6
470.8
470.3
470.5
470.0
471.4
470.1
469.7
470.8
470.3
470.8
466.8
468.0
469.9
468.4
470.7
470.8
472.3
470.8
469.5
470.1
470.1
470.7
470.7
469.4
466.5
467.5
470.5
470.9
470.5
470.1
469.6
469.3
469.5
469.2
470.9
469.7
470.8
469.6
470.6
470.7
470.1
469.2
470.8
469.4
471.3
469.8
469.2
471.2
469.7
468.8
470.9
469.6
469.8
470.3
468.1
469.6
470.4
468.6
469.5
469.7
470.8
469.7
469.9
466.9
465.9
470.4
471.5
470.3
468.2
468.6
470.8
471.2
471.4
470.7
470.1
469.5
469.6
469.9
469.6
470.1
470.3
469.3
469.8
469.2
469.5
468.8
469.9
470.5
471.3
470.4
470.5
469.9
469.0
470.3
469.6
469.2
469.3
470.3
470.9
470.6
467.8
466.7
470.1
470.5
469.1
468.3
469.3
469.2
468.6
469.8
470.1
468.0
468.6
