0
0
0
0
0
0
0
0
0
0
0
0
0
0
0
0
70
0
0
0
0
2
0
0
0
0
0
84
0
1
0
2
84
4
3
59
0
11
0
6
2
623
42
262
80
9
168
191
278
0
0
50
315
622
850
452
1150
814
2972
2964
3166
3442
3475
3373
3473
3359
3449
3458
3536
3520
3559
3491
3535
3619
3543
3459
3640
3719
3533
3483
3467
3403
3259
3270
3086
3025
3257
2911
2899
3205
3048
2928
3145
2909
2776
3311
3139
2954
3176
3216
2942
2800
2827
3224
2952
530
2967
2196
2681
2961
3250
2976
3285
3366
3306
3159
3294
3344
3479
3505
3647
3665
3573
3513
3551
3569
3413
3501
3400
3414
3472
3516
3477
3498
3464
3231
2887
3091
3007
2678
3062
2964
2805
2824
2706
2276
1670
2574
2486
2016
1716
3194
3067
3082
3128
3070
2870
3037
3064
3065
3043
2935
2811
2734
2877
3049
2999
