9
7
4
4
3
5
24
7
124
9
10
1
5
12
13
1
8
3
3
6
7
74
87
4
167
6
145
280
10
32
81
320
8
24
17
9
231
9
5
260
67
297
90
11
222
82
9
5
15
49
232
24
798
178
653
591
842
301
1088
222
1842
3051
3249
4356
3901
3968
3700
3753
3601
3531
3859
3731
3460
3685
3825
3923
3778
3639
3701
3614
3713
3934
3811
3897
3813
4009
3798
3878
3500
3399
3239
3213
3163
3183
3337
2980
3118
3296
3162
3209
3184
3143
2878
2930
2822
3371
3460
3106
3311
3540
2917
3114
3563
2091
3508
3359
3343
3104
3123
3363
3290
3655
3610
3517
3715
3729
3691
3681
3894
3753
3560
3718
3715
3870
3847
4084
3976
3982
3786
3544
3563
3543
3554
3104
3727
2911
3029
3079
3018
2821
2889
3105
2758
435
2901
1553
2964
276
891
3148
3467
3354
3312
3489
3388
3164
3329
3601
3271
3114
3417
3341
3377
3318
3403
3349
3538
