32
32
255
255
255
300
300
300
300
300
300
300
300
299
299
299
299
340
340
340
340
585
585
585
599
599
599
599
598
598
598
598
599
599
599
599
598
598
598
600
600
600
600
598
598
598
598
600
600
600
600
830
830
830
830
898
898
898
893
893
893
893
836
836
836
836
783
783
783
783
758
758
758
763
763
763
763
764
764
764
764
763
763
763
763
796
796
796
796
877
877
877
888
888
888
888
889
889
889
889
891
891
891
891
895
895
895
901
901
901
901
887
887
887
887
831
831
831
831
784
784
784
784
750
750
750
758
758
758
758
764
764
764
764
768
768
768
768
835
835
835
890
890
890
890
903
903
903
903
898
898
898
898
895
895
895
895
885
885
885
890
890
890
890
890
890
890
